{
  "success": true,
  "message": "分析完成",
  "data": {
    "featureNames": [
      "Feature1",
      "Feature2",
      "Feature3",
      "Feature4",
      "Feature5",
      "Feature6"
    ],
    "correlationMatrix": [
      [
        1,
        1,
        -1,
        0.9959394860492574,
        0.9928105940954821,
        0.974801059295225
      ],
      [
        1,
        1,
        -1,
        0.9959394860492574,
        0.9928105940954821,
        0.974801059295225
      ],
      [
        -1,
        -1,
        1,
        -0.9959394860492574,
        -0.9928105940954821,
        -0.974801059295225
      ],
      [
        0.9959394860492574,
        0.9959394860492574,
        -0.9959394860492574,
        1,
        0.9935947488179254,
        0.9670649084594238
      ],
      [
        0.9928105940954821,
        0.9928105940954821,
        -0.9928105940954821,
        0.9935947488179254,
        1,
        0.9840923132697222
      ],
      [
        0.974801059295225,
        0.974801059295225,
        -0.974801059295225,
        0.9670649084594238,
        0.9840923132697222,
        1
      ]
    ],
    "network": {
      "nodes": [
        {
          "id": 0,
          "name": "Feature1"
        },
        {
          "id": 1,
          "name": "Feature2"
        },
        {
          "id": 2,
          "name": "Feature3"
        },
        {
          "id": 3,
          "name": "Feature4"
        },
        {
          "id": 4,
          "name": "Feature5"
        },
        {
          "id": 5,
          "name": "Feature6"
        }
      ],
      "links": [
        {
          "source": 0,
          "target": 1,
          "value": 1,
          "weight": 1
        },
        {
          "source": 0,
          "target": 2,
          "value": -1,
          "weight": 1
        },
        {
          "source": 0,
          "target": 3,
          "value": 0.9959394860492574,
          "weight": 0.9959394860492574
        },
        {
          "source": 0,
          "target": 4,
          "value": 0.9928105940954821,
          "weight": 0.9928105940954821
        },
        {
          "source": 0,
          "target": 5,
          "value": 0.974801059295225,
          "weight": 0.974801059295225
        },
        {
          "source": 1,
          "target": 2,
          "value": -1,
          "weight": 1
        },
        {
          "source": 1,
          "target": 3,
          "value": 0.9959394860492574,
          "weight": 0.9959394860492574
        },
        {
          "source": 1,
          "target": 4,
          "value": 0.9928105940954821,
          "weight": 0.9928105940954821
        },
        {
          "source": 1,
          "target": 5,
          "value": 0.974801059295225,
          "weight": 0.974801059295225
        },
        {
          "source": 2,
          "target": 3,
          "value": -0.9959394860492574,
          "weight": 0.9959394860492574
        },
        {
          "source": 2,
          "target": 4,
          "value": -0.9928105940954821,
          "weight": 0.9928105940954821
        },
        {
          "source": 2,
          "target": 5,
          "value": -0.974801059295225,
          "weight": 0.974801059295225
        },
        {
          "source": 3,
          "target": 4,
          "value": 0.9935947488179254,
          "weight": 0.9935947488179254
        },
        {
          "source": 3,
          "target": 5,
          "value": 0.9670649084594238,
          "weight": 0.9670649084594238
        },
        {
          "source": 4,
          "target": 5,
          "value": 0.9840923132697222,
          "weight": 0.9840923132697222
        }
      ]
    }
  }
}